[{'call': array([-7.62529312e+00,  1.80835758e+01, -6.95724224e-01,  9.20717891e+00,
        1.19429052e+01, -1.42476416e-02,  6.61917453e-01,  7.23302759e-01,
        1.00000000e+00,  5.52427114e+00, -3.69060243e+00, -5.17961325e+00]),
'fold': array([-2.64458352, -0.16736075, -1.35938902,  0.        ,  0.        ,
        0.17889733,  0.05963244, -0.54861108,  0.        ,  8.38477805,
       -0.60377718,  1.65207192]),
'raise': array([-14.27030044,   1.46933796,  -7.00518979,   2.99105007,
         3.65473343,  -0.40525949,   0.53158017,  -2.54288744,
         1.        ,   4.68684142,  -5.86874705,  -3.89707009])},
{'call': array([-16.2093206 ,  26.75536983,  -6.63761897,  23.57622609,
        43.08019262, -16.2093206 ,   5.09718773, -14.08615903,
        16.04015826,  -0.30012866, -11.73025472, -15.69521985]),
'fold': array([-9.92198845, -1.85233065, -4.81908163, -0.2559883 , -0.34131774,
       -9.92198845, -6.29110153, -9.01275689, -3.14430939,  5.54126127,
       -3.88119865, -0.17325308]),
'raise': array([-17.0783619 ,   4.43279112,  -9.51754387,  18.97697003,
        29.54402145, -17.0783619 ,  -2.38685458, -16.57635685,
         0.64855148,   4.21058122,  -7.80344313,  -6.12802959])},
{'call': array([-34.22241401,  73.55636637,  -3.81768197,  -4.57765889,
        84.53925138, -34.22241401,  18.52231931,  -5.09359057,
        -2.23931204,  -9.22497201, -50.72739467, -61.94903614]),
'fold': array([-13.63296878,  -7.43052864,  -8.00614723,  -4.21845834,
        -6.04902867, -13.63296878, -22.02223739, -13.63296878,
        -9.71441555,  -1.676849  ,  -7.15562139,  -6.04072412]),
'raise': array([-48.58605348,  24.74919836,  -5.79578176,   6.43044371,
        34.38207806, -48.58605348, -12.62599686, -65.94722759,
        67.20916309,  24.5073773 , -32.76009331, -37.75876471])},
{'call': array([-28.82487229,  49.59443391,  -6.56913067,   2.22480471,
        59.68160638, -28.82487229,   9.86196841, -17.04519622,
        27.32140401,  -5.62054191, -24.73670584, -37.61553721]),
'fold': array([-11.58402854,  -3.74807654,  -6.13553541,  -1.95163776,
        -2.80218369, -11.58402854,  -8.89868702, -10.65705586,
        -5.76018221,  19.21746599,  -5.21811551,  -2.43868724]),
'raise': array([-31.16696287,  38.21381516, -19.75732605,   2.99661854,
        71.92257712, -31.16696287,  -0.31605116, -53.20668155,
        13.05723383,  -0.64013568, -27.85460981, -29.70626573])}]


when we only consider hand strength
[{'call': array([-5.02370512,  3.85063179, -1.46944673,  3.72734331,  4.63645774,
        2.09895323,  1.36631774,  0.8910064 ,  1.        ]),
'fold': array([-3.91053601, -0.44448739, -1.28220475,  0.        ,  0.        ,
        0.        ,  0.        ,  0.        ,  0.        ]),
'raise': array([-4.01743319,  1.70718508, -1.33116231,  2.00614514,  2.34152685,
        1.18945563,  1.06315188,  1.35919758,  1.        ])},
{'call': array([-13.58332347,   7.87263714,  -6.31980925,  19.35268302,
        31.09265652, -13.58332347,  -6.21585696, -11.33778534,
        -1.53216458]),
'fold': array([-9.8245279 , -2.76762583, -4.81716871,  0.        ,  0.        ,
       -9.8245279 , -9.31242767, -9.14610291, -4.098468  ]),
'raise': array([-11.29524048,   3.54094151,  -3.35020899,  12.84930457,
        18.59575203, -11.29524048,  -6.31571276,  -9.09240863,
        -0.64622148])},
{'call': array([-37.79985353,  44.037857  , -18.0924439 , -14.41877808,
        61.8844328 , -37.79985353, -27.85314384, -23.75260692,
       -16.58286518]),
'fold': array([-14.56068299,  -6.20023973,  -8.02444231,  -4.93834016,
        -6.90792525, -14.56068299, -32.28287772, -14.56068299,
       -16.46953742]),
'raise': array([-31.37740699,  27.24780851,  -7.93290498,   7.40287916,
        40.09196989, -31.37740699, -24.86465338, -31.92709264,
        49.0079874 ])},
{'call': array([-30.19924933,  31.00987609, -13.03114183,   7.77428468,
        50.4423722 , -30.19924933,  -9.86688714, -29.88021742,
        13.05927336]),
'fold': array([-15.50190421,  -5.83107449,  -8.43728501,  -1.56388116,
        -2.08517488, -15.50190421, -24.67639151, -15.50190421,
        -7.52442101]),
'raise': array([-31.22992009,  29.32080374, -16.23232661,   6.6835676 ,
        66.00029957, -31.22992009, -13.4612394 , -29.61145029,
         8.57720703])}]


another one:
[{'call': array([-2.70868896,  6.59687615, -1.0878847 ,  4.91922126,  6.22562835,
        1.10896305,  1.03632102,  0.08363559,  1.        ]),
'fold': array([-4.49273907, -1.1114805 , -2.48738972,  0.        ,  0.        ,
        0.        ,  0.        , -0.8004252 ,  0.        ]),
'raise': array([-4.85306749,  2.46036143, -1.91412491,  3.28223818,  4.04298423,
        1.10703294,  1.03567765, -1.19487088,  1.        ])},
{'call': array([-8.14727095, 12.49938152, -3.90578482, 26.75998146, 40.94639466,
       -8.14727095,  2.57303846, -9.52746977,  2.37389538]),
'fold': array([-10.94933334,  -4.10544757,  -6.56855588,   0.        ,
         0.        , -10.94933334,  -7.5406724 , -10.24933334,
        -6.24703002]),
'raise': array([-16.29388616,  14.00525053,  -6.89856951,  26.69576973,
        47.64585565, -16.29388616,   4.71109682, -17.34217497,
        -4.87741302])},
{'call': array([-31.04377499,  73.14428016,  -6.53884301, -18.48664579,
        98.06864513, -31.04377499,  21.28102191, -33.63499388,
         4.34496261]),
'fold': array([-15.28023489,  -7.32909025,  -9.51132955,  -1.04584368,
        -1.39445824, -15.28023489, -32.66398995, -15.28023489,
       -19.09713816]),
'raise': array([-15.69003112,   6.58164388,  -9.08778613,  20.41682635,
        29.55140227, -15.69003112, -25.03187696, -18.71470283,
        11.80736186])},
{'call': array([-23.07298116,  46.93633115,  -4.66068818,   6.72482358,
        52.83066672, -23.07298116, -11.39220784, -31.21819211,
        17.48253318]),
'fold': array([-16.10644748,  -7.43383127,  -9.50785036,  -0.85294493,
        -1.13725991, -16.10644748, -27.91735193, -16.10644748,
       -14.39153003]),
'raise': array([-24.94636174,  44.2255971 , -12.83983656,  19.0991843 ,
        85.65003855, -24.94636174,   1.361197  , -35.48446204,
         0.87199583])}]
