[ array([0.90909091, 0.89130435, 0.88888889, 0.        , 0.        ,
       0.        , 0.        , 0.88888889, 0.96774194, 0.        ,
       0.        , 0.        , 0.        , 0.        , 0.        ,
       0.        , 0.        , 0.        ]),
  array([0.85714286, 0.84615385, 0.90243902, 1.        , 1.        ,
       0.        , 0.        , 0.9       , 0.82758621, 0.82352941,
       0.86666667, 0.        , 1.        , 0.        , 0.84615385,
       1.        , 1.        , 0.        ]),
  array([0.81481481, 0.78723404, 0.86046512, 1.        , 1.        ,
       0.        , 0.        , 0.86046512, 0.765625  , 0.79310345,
       0.77419355, 1.        , 0.75      , 0.        , 0.73333333,
       0.8       , 1.        , 0.        ]),
  array([0.79166667, 0.72222222, 0.75675676, 0.90909091, 0.75      ,
       0.        , 1.        , 0.76470588, 0.69387755, 0.7173913 ,
       0.69230769, 0.8       , 0.44444444, 1.        , 0.60714286,
       0.7       , 1.        , 0.        ])]
[ array([0.19997974, 0.1960671 , 0.19553575, 0.        , 0.        ,
       0.        , 0.        , 0.19553575, 0.21288166, 0.        ,
       0.        , 0.        , 0.        , 0.        , 0.        ,
       0.        , 0.        , 0.        ]),
  array([0.07221285, 0.07128705, 0.07602898, 0.08424833, 0.08424833,
       0.        , 0.        , 0.07582349, 0.06972275, 0.06938098,
       0.07301522, 0.        , 0.08424833, 0.        , 0.07128705,
       0.08424833, 0.08424833, 0.        ]),
  array([0.06824682, 0.06593673, 0.07207038, 0.08375746, 0.08375746,
       0.        , 0.        , 0.07207038, 0.06412681, 0.06642833,
       0.06484449, 0.08375746, 0.0628181 , 0.        , 0.06142214,
       0.06700597, 0.08375746, 0.        ]),
  array([0.06410461, 0.0584814 , 0.0612778 , 0.07361295, 0.06073068,
       0.        , 0.08097424, 0.06192148, 0.05618621, 0.05809022,
       0.05605909, 0.06477939, 0.03598855, 0.08097424, 0.04916293,
       0.05668197, 0.08097424, 0.        ])]



[ array([0.88095238, 0.82568807, 0.82352941, 0.        , 0.        ,
       0.        , 0.        , 0.82352941, 0.87804878, 0.        ,
       0.        , 0.        , 0.        , 0.        , 0.        ,
       0.        , 0.        , 0.        ]),
  array([0.83050847, 0.75324675, 0.76470588, 0.8       , 1.        ,
       0.        , 0.        , 0.75384615, 0.75      , 0.74242424,
       0.7804878 , 0.        , 1.        , 0.        , 0.7       ,
       0.5       , 0.5       , 0.        ]),
  array([0.79591837, 0.68852459, 0.67692308, 0.6875    , 0.8       ,
       0.        , 0.        , 0.67213115, 0.69      , 0.67948718,
       0.68852459, 0.5       , 0.9375    , 1.        , 0.61538462,
       0.66666667, 0.5       , 0.        ]),
  array([0.71428571, 0.62745098, 0.60655738, 0.6       , 0.83333333,
       1.        , 0.        , 0.59649123, 0.6025641 , 0.58823529,
       0.59375   , 0.44444444, 0.71428571, 1.        , 0.57777778,
       0.57142857, 0.66666667, 0.5       ])]
[ array([0.20817694, 0.19511749, 0.19460738, 0.        , 0.        ,
       0.        , 0.        , 0.19460738, 0.2074908 , 0.        ,
       0.        , 0.        , 0.        , 0.        , 0.        ,
       0.        , 0.        , 0.        ]),
  array([0.08410026, 0.07627646, 0.07743685, 0.08101086, 0.10126357,
       0.        , 0.        , 0.07633716, 0.07594768, 0.07518053,
       0.07903498, 0.        , 0.10126357, 0.        , 0.0708845 ,
       0.05063179, 0.05063179, 0.        ]),
  array([0.07509684, 0.06496397, 0.06386934, 0.0648673 , 0.07548195,
       0.        , 0.        , 0.06341721, 0.06510318, 0.06411127,
       0.06496397, 0.04717622, 0.08845541, 0.09435244, 0.05806304,
       0.06290163, 0.04717622, 0.        ]),
  array([0.06356398, 0.0558366 , 0.05397728, 0.05339375, 0.07415798,
       0.08898958, 0.        , 0.0530815 , 0.05362192, 0.05234681,
       0.05283756, 0.03955092, 0.06356398, 0.08898958, 0.0514162 ,
       0.05085119, 0.05932638, 0.04449479])]


[ array([0.83146067, 0.808     , 0.9       , 0.        , 0.        ,
       0.        , 0.        , 0.9       , 0.76190476, 0.        ,
       0.        , 0.        , 0.        , 0.        , 0.        ,
       0.        , 0.        , 0.        ]),
  array([0.74576271, 0.74468085, 0.7761194 , 0.75      , 1.        ,
       0.        , 0.        , 0.765625  , 0.70866142, 0.68085106,
       0.8       , 0.        , 0.85714286, 0.        , 0.7037037 ,
       0.75      , 1.        , 0.        ]),
  array([0.69387755, 0.69620253, 0.71232877, 0.8       , 0.75      ,
       0.        , 0.        , 0.71014493, 0.65740741, 0.61904762,
       0.69565217, 0.        , 0.86666667, 1.        , 0.62162162,
       0.66666667, 1.        , 0.        ]),
  array([0.64285714, 0.64705882, 0.64473684, 0.8125    , 0.625     ,
       0.        , 0.        , 0.64705882, 0.59340659, 0.57831325,
       0.61842105, 0.66666667, 0.625     , 1.        , 0.6       ,
       0.64285714, 1.        , 1.        ])]
[ array([0.19790249, 0.19231843, 0.21421607, 0.        , 0.        ,
       0.        , 0.        , 0.21421607, 0.18134694, 0.        ,
       0.        , 0.        , 0.        , 0.        , 0.        ,
       0.        , 0.        , 0.        ]),
  array([0.07252704, 0.07242183, 0.0754793 , 0.07293913, 0.09725217,
       0.        , 0.        , 0.07445869, 0.06891886, 0.06621424,
       0.07780174, 0.        , 0.083359  , 0.        , 0.06843671,
       0.07293913, 0.09725217, 0.        ]),
  array([0.06614899, 0.06637064, 0.06790799, 0.0762659 , 0.07149928,
       0.        , 0.        , 0.0676998 , 0.06267221, 0.05901528,
       0.06631817, 0.        , 0.08262139, 0.09533238, 0.05926067,
       0.06355492, 0.09533238, 0.        ]),
  array([0.05666997, 0.05704036, 0.05683567, 0.07162455, 0.05509581,
       0.        , 0.        , 0.05704036, 0.05231074, 0.05098021,
       0.05451585, 0.05876886, 0.05509581, 0.08815329, 0.05289197,
       0.05666997, 0.08815329, 0.08815329])]

[ array([0.86764706, 0.83809524, 0.85714286, 0.        , 0.        ,
       0.        , 0.        , 0.85714286, 0.82142857, 0.        ,
       0.        , 0.        , 0.        , 0.        , 0.        ,
       0.        , 0.        , 0.        ]),
  array([0.80851064, 0.78205128, 0.85964912, 1.        , 1.        ,
       0.        , 0.        , 0.85185185, 0.78761062, 0.77358491,
       0.74358974, 0.        , 0.66666667, 0.        , 0.72      ,
       0.        , 0.        , 0.        ]),
  array([0.75675676, 0.72131148, 0.765625  , 0.8       , 1.        ,
       0.        , 0.        , 0.73684211, 0.73033708, 0.72222222,
       0.68      , 1.        , 0.55555556, 1.        , 0.64516129,
       0.625     , 1.        , 0.        ]),
  array([0.65384615, 0.62222222, 0.67857143, 0.82352941, 1.        ,
       0.        , 0.        , 0.60869565, 0.64179104, 0.66129032,
       0.62      , 0.75      , 0.46666667, 0.66666667, 0.48484848,
       0.4       , 1.        , 0.        ])]
[ array([0.20456347, 0.19759609, 0.20208691, 0.        , 0.        ,
       0.        , 0.        , 0.20208691, 0.19366662, 0.        ,
       0.        , 0.        , 0.        , 0.        , 0.        ,
       0.        , 0.        , 0.        ]),
  array([0.08989929, 0.08695725, 0.09558545, 0.11119123, 0.11119123,
       0.        , 0.        , 0.09471846, 0.0875754 , 0.08601586,
       0.08268066, 0.        , 0.07412749, 0.        , 0.08005769,
       0.        , 0.        , 0.        ]),
  array([0.06446622, 0.06144672, 0.06522168, 0.06815   , 0.0851875 ,
       0.        , 0.        , 0.06276974, 0.06221559, 0.06152431,
       0.0579275 , 0.0851875 , 0.04732639, 0.0851875 , 0.05495968,
       0.05324219, 0.0851875 , 0.        ]),
  array([0.06487774, 0.06173986, 0.0673311 , 0.08171452, 0.09922478,
       0.        , 0.        , 0.06039769, 0.06368157, 0.06561638,
       0.06151936, 0.07441858, 0.0463049 , 0.06614985, 0.04810898,
       0.03968991, 0.09922478, 0.        ])]
